Digitizer
ch.0:  FALSE 	 ch.1:  TRUE 	 DC offset 0: 0 	 DC offset 1: 0 	 act ch:  1 	trig mode:  FALSE 	 rise time:  8 	 trig mean:  8 	 trig thr 0:  30 	 trig thr 1:  10 	gate mode:  FALSE 	 gate width:  104 	 pre gate:  64 	 holdoff:  504 	bsln mean:  16 	 bsln thr:  8 	 noflattime:  512 	GPO:  2 	 coinc:  FALSE 	 coinc time:  0 
PSAU
ch.0:  FALSE 	 ch.1:  TRUE 	 Vset 0:  30.900000 	 Vset 1:  60.000000 	 Gain0:  32 	 Gain1:  32 	 comp0:  FALSE 	 comp1:  FALSE 	 thr0:  -14.000000 	 thr1:  -15.000000 	 width0:  110 	 width1:  110 	 DOUT0:  FALSE 	 DOUT1:  TRUE 	 outputlevel:  TTL 	 coinc:  FALSE 	 coinc time:  20 

Vmon 0:  0.000000 	 Vmon 1:  59.910000 	 Temp 0:  20.900000 	 Temp 1:  27.000000 	 Temp board:  27.700001 
day&time: 17Sep17074144

-1000.000	0.000
-999.000	0.000
-998.000	0.000
-996.999	0.000
-995.999	0.000
-994.999	0.000
-993.999	0.000
-992.999	0.000
-991.999	0.000
-990.998	0.000
-989.998	0.000
-988.998	0.000
-987.998	0.000
-986.998	0.000
-985.998	0.000
-984.997	0.000
-983.997	0.000
-982.997	0.000
-981.997	0.000
-980.997	0.000
-979.997	0.000
-978.996	0.000
-977.996	0.000
-976.996	0.000
-975.996	0.000
-974.996	0.000
-973.996	0.000
-972.995	0.000
-971.995	0.000
-970.995	0.000
-969.995	0.000
-968.995	0.000
-967.995	0.000
-966.994	0.000
-965.994	0.000
-964.994	0.000
-963.994	0.000
-962.994	0.000
-961.994	0.000
-960.993	0.000
-959.993	0.000
-958.993	0.000
-957.993	0.000
-956.993	0.000
-955.993	0.000
-954.992	0.000
-953.992	0.000
-952.992	0.000
-951.992	0.000
-950.992	0.000
-949.992	0.000
-948.991	0.000
-947.991	0.000
-946.991	0.000
-945.991	0.000
-944.991	0.000
-943.991	0.000
-942.990	0.000
-941.990	0.000
-940.990	0.000
-939.990	0.000
-938.990	0.000
-937.990	0.000
-936.989	0.000
-935.989	0.000
-934.989	0.000
-933.989	0.000
-932.989	0.000
-931.989	0.000
-930.988	0.000
-929.988	0.000
-928.988	0.000
-927.988	0.000
-926.988	0.000
-925.988	0.000
-924.987	0.000
-923.987	0.000
-922.987	0.000
-921.987	0.000
-920.987	0.000
-919.987	0.000
-918.986	0.000
-917.986	0.000
-916.986	0.000
-915.986	0.000
-914.986	0.000
-913.986	0.000
-912.985	0.000
-911.985	0.000
-910.985	0.000
-909.985	0.000
-908.985	0.000
-907.985	0.000
-906.984	0.000
-905.984	0.000
-904.984	0.000
-903.984	0.000
-902.984	0.000
-901.984	0.000
-900.983	0.000
-899.983	0.000
-898.983	0.000
-897.983	0.000
-896.983	0.000
-895.983	0.000
-894.982	0.000
-893.982	0.000
-892.982	0.000
-891.982	0.000
-890.982	0.000
-889.982	0.000
-888.981	0.000
-887.981	0.000
-886.981	0.000
-885.981	0.000
-884.981	0.000
-883.981	0.000
-882.980	0.000
-881.980	0.000
-880.980	0.000
-879.980	0.000
-878.980	0.000
-877.980	0.000
-876.979	0.000
-875.979	0.000
-874.979	0.000
-873.979	0.000
-872.979	0.000
-871.979	0.000
-870.978	0.000
-869.978	0.000
-868.978	0.000
-867.978	0.000
-866.978	0.000
-865.978	0.000
-864.977	0.000
-863.977	0.000
-862.977	0.000
-861.977	0.000
-860.977	0.000
-859.977	0.000
-858.976	0.000
-857.976	0.000
-856.976	0.000
-855.976	0.000
-854.976	0.000
-853.976	0.000
-852.975	0.000
-851.975	0.000
-850.975	0.000
-849.975	0.000
-848.975	0.000
-847.975	0.000
-846.974	0.000
-845.974	0.000
-844.974	0.000
-843.974	0.000
-842.974	0.000
-841.974	0.000
-840.973	0.000
-839.973	0.000
-838.973	0.000
-837.973	0.000
-836.973	0.000
-835.973	0.000
-834.972	0.000
-833.972	0.000
-832.972	0.000
-831.972	0.000
-830.972	0.000
-829.972	0.000
-828.971	0.000
-827.971	0.000
-826.971	0.000
-825.971	0.000
-824.971	0.000
-823.971	0.000
-822.970	0.000
-821.970	0.000
-820.970	0.000
-819.970	0.000
-818.970	0.000
-817.970	0.000
-816.969	0.000
-815.969	0.000
-814.969	0.000
-813.969	0.000
-812.969	0.000
-811.969	0.000
-810.968	0.000
-809.968	0.000
-808.968	0.000
-807.968	0.000
-806.968	0.000
-805.968	0.000
-804.967	0.000
-803.967	0.000
-802.967	0.000
-801.967	0.000
-800.967	0.000
-799.967	0.000
-798.966	0.000
-797.966	0.000
-796.966	0.000
-795.966	0.000
-794.966	0.000
-793.966	0.000
-792.965	0.000
-791.965	0.000
-790.965	0.000
-789.965	0.000
-788.965	0.000
-787.965	0.000
-786.964	0.000
-785.964	0.000
-784.964	0.000
-783.964	0.000
-782.964	0.000
-781.964	0.000
-780.963	0.000
-779.963	0.000
-778.963	0.000
-777.963	0.000
-776.963	0.000
-775.963	0.000
-774.962	0.000
-773.962	0.000
-772.962	0.000
-771.962	0.000
-770.962	0.000
-769.962	0.000
-768.961	0.000
-767.961	0.000
-766.961	0.000
-765.961	0.000
-764.961	0.000
-763.961	0.000
-762.960	0.000
-761.960	0.000
-760.960	0.000
-759.960	0.000
-758.960	0.000
-757.960	0.000
-756.959	0.000
-755.959	0.000
-754.959	0.000
-753.959	0.000
-752.959	0.000
-751.959	0.000
-750.958	0.000
-749.958	0.000
-748.958	0.000
-747.958	0.000
-746.958	0.000
-745.958	0.000
-744.957	0.000
-743.957	0.000
-742.957	0.000
-741.957	0.000
-740.957	0.000
-739.957	0.000
-738.956	0.000
-737.956	0.000
-736.956	0.000
-735.956	0.000
-734.956	0.000
-733.956	0.000
-732.955	0.000
-731.955	0.000
-730.955	0.000
-729.955	0.000
-728.955	0.000
-727.955	0.000
-726.954	0.000
-725.954	0.000
-724.954	0.000
-723.954	0.000
-722.954	0.000
-721.954	0.000
-720.953	0.000
-719.953	0.000
-718.953	0.000
-717.953	0.000
-716.953	0.000
-715.953	0.000
-714.952	0.000
-713.952	0.000
-712.952	0.000
-711.952	0.000
-710.952	0.000
-709.952	0.000
-708.951	0.000
-707.951	0.000
-706.951	0.000
-705.951	0.000
-704.951	0.000
-703.951	0.000
-702.950	0.000
-701.950	0.000
-700.950	0.000
-699.950	0.000
-698.950	0.000
-697.950	0.000
-696.949	0.000
-695.949	0.000
-694.949	0.000
-693.949	0.000
-692.949	0.000
-691.949	0.000
-690.948	0.000
-689.948	0.000
-688.948	0.000
-687.948	0.000
-686.948	0.000
-685.948	0.000
-684.947	0.000
-683.947	0.000
-682.947	0.000
-681.947	0.000
-680.947	0.000
-679.947	0.000
-678.946	0.000
-677.946	0.000
-676.946	0.000
-675.946	0.000
-674.946	0.000
-673.946	0.000
-672.945	0.000
-671.945	0.000
-670.945	0.000
-669.945	0.000
-668.945	0.000
-667.945	0.000
-666.944	0.000
-665.944	0.000
-664.944	0.000
-663.944	0.000
-662.944	0.000
-661.944	0.000
-660.943	0.000
-659.943	0.000
-658.943	0.000
-657.943	0.000
-656.943	0.000
-655.943	0.000
-654.942	0.000
-653.942	0.000
-652.942	0.000
-651.942	0.000
-650.942	0.000
-649.942	0.000
-648.941	0.000
-647.941	0.000
-646.941	0.000
-645.941	0.000
-644.941	0.000
-643.941	0.000
-642.940	0.000
-641.940	0.000
-640.940	0.000
-639.940	0.000
-638.940	0.000
-637.940	0.000
-636.939	0.000
-635.939	0.000
-634.939	0.000
-633.939	0.000
-632.939	0.000
-631.939	0.000
-630.938	0.000
-629.938	0.000
-628.938	0.000
-627.938	0.000
-626.938	0.000
-625.938	0.000
-624.937	0.000
-623.937	0.000
-622.937	0.000
-621.937	0.000
-620.937	0.000
-619.937	0.000
-618.936	0.000
-617.936	0.000
-616.936	0.000
-615.936	0.000
-614.936	0.000
-613.936	0.000
-612.935	0.000
-611.935	0.000
-610.935	0.000
-609.935	0.000
-608.935	0.000
-607.935	0.000
-606.934	0.000
-605.934	0.000
-604.934	0.000
-603.934	0.000
-602.934	0.000
-601.934	0.000
-600.933	0.000
-599.933	0.000
-598.933	0.000
-597.933	0.000
-596.933	0.000
-595.933	0.000
-594.932	0.000
-593.932	0.000
-592.932	0.000
-591.932	0.000
-590.932	0.000
-589.932	0.000
-588.931	0.000
-587.931	0.000
-586.931	0.000
-585.931	0.000
-584.931	0.000
-583.931	0.000
-582.930	0.000
-581.930	0.000
-580.930	0.000
-579.930	0.000
-578.930	0.000
-577.930	0.000
-576.929	0.000
-575.929	0.000
-574.929	0.000
-573.929	0.000
-572.929	0.000
-571.929	0.000
-570.928	0.000
-569.928	0.000
-568.928	0.000
-567.928	0.000
-566.928	0.000
-565.928	0.000
-564.927	0.000
-563.927	0.000
-562.927	0.000
-561.927	0.000
-560.927	0.000
-559.927	0.000
-558.926	0.000
-557.926	0.000
-556.926	0.000
-555.926	0.000
-554.926	0.000
-553.926	0.000
-552.925	0.000
-551.925	0.000
-550.925	0.000
-549.925	0.000
-548.925	0.000
-547.925	0.000
-546.924	0.000
-545.924	0.000
-544.924	0.000
-543.924	0.000
-542.924	0.000
-541.924	0.000
-540.923	0.000
-539.923	0.000
-538.923	0.000
-537.923	0.000
-536.923	0.000
-535.923	0.000
-534.922	0.000
-533.922	0.000
-532.922	0.000
-531.922	0.000
-530.922	0.000
-529.922	0.000
-528.921	0.000
-527.921	0.000
-526.921	0.000
-525.921	0.000
-524.921	0.000
-523.921	0.000
-522.920	0.000
-521.920	0.000
-520.920	0.000
-519.920	0.000
-518.920	0.000
-517.920	0.000
-516.919	0.000
-515.919	0.000
-514.919	0.000
-513.919	0.000
-512.919	0.000
-511.919	0.000
-510.918	0.000
-509.918	0.000
-508.918	0.000
-507.918	0.000
-506.918	0.000
-505.918	0.000
-504.917	0.000
-503.917	0.000
-502.917	0.000
-501.917	0.000
-500.917	0.000
-499.917	0.000
-498.916	0.000
-497.916	0.000
-496.916	0.000
-495.916	0.000
-494.916	0.000
-493.916	0.000
-492.915	0.000
-491.915	0.000
-490.915	0.000
-489.915	0.000
-488.915	0.000
-487.915	0.000
-486.914	0.000
-485.914	0.000
-484.914	0.000
-483.914	0.000
-482.914	0.000
-481.914	0.000
-480.913	0.000
-479.913	0.000
-478.913	0.000
-477.913	0.000
-476.913	0.000
-475.913	0.000
-474.912	0.000
-473.912	0.000
-472.912	0.000
-471.912	0.000
-470.912	0.000
-469.912	0.000
-468.911	0.000
-467.911	0.000
-466.911	0.000
-465.911	0.000
-464.911	0.000
-463.911	0.000
-462.910	0.000
-461.910	0.000
-460.910	0.000
-459.910	0.000
-458.910	0.000
-457.910	0.000
-456.909	0.000
-455.909	0.000
-454.909	0.000
-453.909	0.000
-452.909	0.000
-451.909	0.000
-450.908	0.000
-449.908	0.000
-448.908	0.000
-447.908	0.000
-446.908	0.000
-445.908	0.000
-444.907	0.000
-443.907	0.000
-442.907	0.000
-441.907	0.000
-440.907	0.000
-439.907	0.000
-438.906	0.000
-437.906	0.000
-436.906	0.000
-435.906	0.000
-434.906	0.000
-433.906	0.000
-432.905	0.000
-431.905	0.000
-430.905	0.000
-429.905	0.000
-428.905	0.000
-427.905	0.000
-426.904	0.000
-425.904	0.000
-424.904	0.000
-423.904	0.000
-422.904	0.000
-421.904	0.000
-420.903	0.000
-419.903	0.000
-418.903	0.000
-417.903	0.000
-416.903	0.000
-415.903	0.000
-414.902	0.000
-413.902	0.000
-412.902	0.000
-411.902	0.000
-410.902	0.000
-409.902	0.000
-408.901	0.000
-407.901	0.000
-406.901	0.000
-405.901	0.000
-404.901	0.000
-403.901	0.000
-402.900	0.000
-401.900	0.000
-400.900	0.000
-399.900	0.000
-398.900	0.000
-397.900	0.000
-396.899	0.000
-395.899	0.000
-394.899	0.000
-393.899	0.000
-392.899	0.000
-391.899	0.000
-390.898	0.000
-389.898	0.000
-388.898	0.000
-387.898	0.000
-386.898	0.000
-385.898	0.000
-384.897	0.000
-383.897	0.000
-382.897	0.000
-381.897	0.000
-380.897	0.000
-379.897	0.000
-378.896	0.000
-377.896	0.000
-376.896	0.000
-375.896	0.000
-374.896	0.000
-373.896	0.000
-372.895	0.000
-371.895	0.000
-370.895	0.000
-369.895	0.000
-368.895	0.000
-367.895	0.000
-366.894	0.000
-365.894	0.000
-364.894	0.000
-363.894	0.000
-362.894	0.000
-361.894	0.000
-360.893	0.000
-359.893	0.000
-358.893	0.000
-357.893	0.000
-356.893	0.000
-355.893	0.000
-354.892	0.000
-353.892	0.000
-352.892	0.000
-351.892	0.000
-350.892	0.000
-349.892	0.000
-348.891	0.000
-347.891	0.000
-346.891	0.000
-345.891	0.000
-344.891	0.000
-343.891	0.000
-342.890	0.000
-341.890	0.000
-340.890	0.000
-339.890	0.000
-338.890	0.000
-337.890	0.000
-336.889	0.000
-335.889	0.000
-334.889	0.000
-333.889	0.000
-332.889	0.000
-331.889	0.000
-330.888	0.000
-329.888	0.000
-328.888	0.000
-327.888	0.000
-326.888	0.000
-325.888	0.000
-324.887	0.000
-323.887	0.000
-322.887	0.000
-321.887	0.000
-320.887	0.000
-319.887	0.000
-318.886	0.000
-317.886	0.000
-316.886	0.000
-315.886	0.000
-314.886	0.000
-313.886	0.000
-312.885	0.000
-311.885	0.000
-310.885	0.000
-309.885	0.000
-308.885	0.000
-307.885	0.000
-306.884	0.000
-305.884	0.000
-304.884	0.000
-303.884	0.000
-302.884	0.000
-301.884	0.000
-300.883	0.000
-299.883	0.000
-298.883	0.000
-297.883	0.000
-296.883	0.000
-295.883	0.000
-294.882	0.000
-293.882	0.000
-292.882	0.000
-291.882	0.000
-290.882	0.000
-289.882	0.000
-288.881	0.000
-287.881	0.000
-286.881	0.000
-285.881	0.000
-284.881	0.000
-283.881	0.000
-282.880	0.000
-281.880	0.000
-280.880	0.000
-279.880	0.000
-278.880	0.000
-277.880	0.000
-276.879	0.000
-275.879	0.000
-274.879	0.000
-273.879	0.000
-272.879	0.000
-271.879	0.000
-270.878	0.000
-269.878	0.000
-268.878	0.000
-267.878	0.000
-266.878	0.000
-265.878	0.000
-264.877	0.000
-263.877	0.000
-262.877	0.000
-261.877	0.000
-260.877	0.000
-259.877	0.000
-258.876	0.000
-257.876	0.000
-256.876	0.000
-255.876	0.000
-254.876	0.000
-253.876	0.000
-252.875	0.000
-251.875	0.000
-250.875	0.000
-249.875	0.000
-248.875	0.000
-247.875	0.000
-246.874	0.000
-245.874	0.000
-244.874	0.000
-243.874	0.000
-242.874	0.000
-241.874	0.000
-240.873	0.000
-239.873	0.000
-238.873	0.000
-237.873	0.000
-236.873	0.000
-235.873	0.000
-234.872	0.000
-233.872	0.000
-232.872	0.000
-231.872	0.000
-230.872	0.000
-229.872	0.000
-228.871	0.000
-227.871	0.000
-226.871	0.000
-225.871	0.000
-224.871	0.000
-223.871	0.000
-222.870	0.000
-221.870	0.000
-220.870	0.000
-219.870	0.000
-218.870	0.000
-217.870	0.000
-216.869	0.000
-215.869	0.000
-214.869	0.000
-213.869	0.000
-212.869	0.000
-211.869	0.000
-210.868	0.000
-209.868	0.000
-208.868	0.000
-207.868	0.000
-206.868	0.000
-205.868	0.000
-204.867	0.000
-203.867	0.000
-202.867	0.000
-201.867	0.000
-200.867	0.000
-199.867	0.000
-198.866	0.000
-197.866	0.000
-196.866	0.000
-195.866	0.000
-194.866	0.000
-193.866	0.000
-192.865	0.000
-191.865	0.000
-190.865	0.000
-189.865	0.000
-188.865	0.000
-187.865	0.000
-186.864	0.000
-185.864	0.000
-184.864	0.000
-183.864	0.000
-182.864	0.000
-181.864	0.000
-180.863	0.000
-179.863	0.000
-178.863	0.000
-177.863	0.000
-176.863	0.000
-175.863	0.000
-174.862	0.000
-173.862	0.000
-172.862	0.000
-171.862	0.000
-170.862	0.000
-169.862	0.000
-168.861	0.000
-167.861	0.000
-166.861	0.000
-165.861	0.000
-164.861	0.000
-163.861	0.000
-162.860	0.000
-161.860	1.000
-160.860	0.000
-159.860	0.000
-158.860	0.000
-157.860	0.000
-156.859	0.000
-155.859	0.000
-154.859	0.000
-153.859	0.000
-152.859	0.000
-151.859	0.000
-150.858	0.000
-149.858	0.000
-148.858	0.000
-147.858	0.000
-146.858	1.000
-145.858	0.000
-144.857	0.000
-143.857	0.000
-142.857	0.000
-141.857	0.000
-140.857	0.000
-139.857	0.000
-138.856	0.000
-137.856	0.000
-136.856	0.000
-135.856	0.000
-134.856	0.000
-133.856	0.000
-132.855	0.000
-131.855	1.000
-130.855	0.000
-129.855	1.000
-128.855	3.000
-127.855	1.000
-126.854	2.000
-125.854	1.000
-124.854	0.000
-123.854	0.000
-122.854	1.000
-121.854	0.000
-120.853	0.000
-119.853	3.000
-118.853	1.000
-117.853	1.000
-116.853	1.000
-115.853	0.000
-114.852	1.000
-113.852	1.000
-112.852	1.000
-111.852	2.000
-110.852	1.000
-109.852	0.000
-108.851	0.000
-107.851	2.000
-106.851	1.000
-105.851	3.000
-104.851	1.000
-103.851	0.000
-102.850	1.000
-101.850	0.000
-100.850	1.000
-99.850	1.000
-98.850	2.000
-97.850	1.000
-96.849	0.000
-95.849	0.000
-94.849	1.000
-93.849	0.000
-92.849	2.000
-91.849	1.000
-90.848	2.000
-89.848	1.000
-88.848	3.000
-87.848	4.000
-86.848	2.000
-85.848	1.000
-84.847	1.000
-83.847	3.000
-82.847	5.000
-81.847	4.000
-80.847	2.000
-79.847	1.000
-78.846	2.000
-77.846	5.000
-76.846	3.000
-75.846	4.000
-74.846	0.000
-73.846	1.000
-72.845	1.000
-71.845	4.000
-70.845	2.000
-69.845	4.000
-68.845	3.000
-67.845	2.000
-66.844	3.000
-65.844	0.000
-64.844	4.000
-63.844	2.000
-62.844	3.000
-61.844	4.000
-60.843	5.000
-59.843	6.000
-58.843	1.000
-57.843	0.000
-56.843	3.000
-55.843	5.000
-54.842	6.000
-53.842	6.000
-52.842	15.000
-51.842	4.000
-50.842	6.000
-49.842	6.000
-48.841	4.000
-47.841	4.000
-46.841	4.000
-45.841	5.000
-44.841	7.000
-43.841	10.000
-42.840	14.000
-41.840	10.000
-40.840	6.000
-39.840	9.000
-38.840	10.000
-37.840	11.000
-36.839	10.000
-35.839	10.000
-34.839	6.000
-33.839	12.000
-32.839	11.000
-31.839	7.000
-30.838	9.000
-29.838	11.000
-28.838	11.000
-27.838	14.000
-26.838	15.000
-25.838	14.000
-24.837	11.000
-23.837	14.000
-22.837	26.000
-21.837	11.000
-20.837	15.000
-19.837	22.000
-18.836	24.000
-17.836	23.000
-16.836	28.000
-15.836	27.000
-14.836	40.000
-13.836	44.000
-12.835	43.000
-11.835	53.000
-10.835	53.000
-9.835	62.000
-8.835	55.000
-7.835	72.000
-6.834	68.000
-5.834	90.000
-4.834	105.000
-3.834	101.000
-2.834	114.000
-1.834	153.000
-0.833	104.000
0.167	125.000
1.167	146.000
2.167	163.000
3.167	166.000
4.167	169.000
5.168	164.000
6.168	162.000
7.168	165.000
8.168	162.000
9.168	169.000
10.168	155.000
11.169	160.000
12.169	133.000
13.169	174.000
14.169	145.000
15.169	121.000
16.169	121.000
17.170	100.000
18.170	114.000
19.170	89.000
20.170	73.000
21.170	88.000
22.170	74.000
23.171	57.000
24.171	53.000
25.171	53.000
26.171	36.000
27.171	45.000
28.171	41.000
29.172	30.000
30.172	35.000
31.172	27.000
32.172	27.000
33.172	29.000
34.172	19.000
35.173	17.000
36.173	15.000
37.173	16.000
38.173	14.000
39.173	11.000
40.173	12.000
41.174	11.000
42.174	11.000
43.174	14.000
44.174	13.000
45.174	12.000
46.174	10.000
47.175	8.000
48.175	15.000
49.175	12.000
50.175	5.000
51.175	8.000
52.175	9.000
53.176	6.000
54.176	7.000
55.176	6.000
56.176	9.000
57.176	12.000
58.176	5.000
59.177	5.000
60.177	6.000
61.177	5.000
62.177	8.000
63.177	8.000
64.177	4.000
65.178	6.000
66.178	7.000
67.178	7.000
68.178	6.000
69.178	8.000
70.178	4.000
71.179	6.000
72.179	7.000
73.179	7.000
74.179	5.000
75.179	5.000
76.179	7.000
77.180	8.000
78.180	7.000
79.180	6.000
80.180	8.000
81.180	4.000
82.180	7.000
83.181	7.000
84.181	6.000
85.181	5.000
86.181	8.000
87.181	3.000
88.181	6.000
89.182	1.000
90.182	1.000
91.182	5.000
92.182	5.000
93.182	2.000
94.182	7.000
95.183	8.000
96.183	3.000
97.183	6.000
98.183	7.000
99.183	4.000
100.183	2.000
101.184	4.000
102.184	9.000
103.184	4.000
104.184	4.000
105.184	8.000
106.184	3.000
107.185	6.000
108.185	8.000
109.185	6.000
110.185	2.000
111.185	9.000
112.185	9.000
113.186	6.000
114.186	6.000
115.186	2.000
116.186	4.000
117.186	3.000
118.186	7.000
119.187	5.000
120.187	7.000
121.187	5.000
122.187	4.000
123.187	8.000
124.187	7.000
125.188	8.000
126.188	5.000
127.188	9.000
128.188	3.000
129.188	6.000
130.188	6.000
131.189	10.000
132.189	10.000
133.189	3.000
134.189	3.000
135.189	7.000
136.189	9.000
137.190	9.000
138.190	5.000
139.190	10.000
140.190	9.000
141.190	11.000
142.190	10.000
143.191	11.000
144.191	7.000
145.191	6.000
146.191	6.000
147.191	13.000
148.191	6.000
149.192	10.000
150.192	11.000
151.192	10.000
152.192	11.000
153.192	9.000
154.192	10.000
155.193	8.000
156.193	9.000
157.193	14.000
158.193	11.000
159.193	5.000
160.193	11.000
161.194	12.000
162.194	21.000
163.194	9.000
164.194	14.000
165.194	13.000
166.194	9.000
167.195	16.000
168.195	15.000
169.195	20.000
170.195	15.000
171.195	19.000
172.195	14.000
173.196	10.000
174.196	13.000
175.196	22.000
176.196	15.000
177.196	18.000
178.196	21.000
179.197	17.000
180.197	20.000
181.197	16.000
182.197	21.000
183.197	22.000
184.197	23.000
185.198	16.000
186.198	20.000
187.198	26.000
188.198	33.000
189.198	17.000
190.198	21.000
191.199	24.000
192.199	28.000
193.199	32.000
194.199	38.000
195.199	38.000
196.199	39.000
197.200	49.000
198.200	51.000
199.200	53.000
200.200	47.000
201.200	48.000
202.200	55.000
203.201	65.000
204.201	77.000
205.201	77.000
206.201	97.000
207.201	104.000
208.201	140.000
209.202	131.000
210.202	123.000
211.202	151.000
212.202	173.000
213.202	197.000
214.202	226.000
215.203	225.000
216.203	250.000
217.203	272.000
218.203	302.000
219.203	337.000
220.203	341.000
221.204	379.000
222.204	398.000
223.204	448.000
224.204	405.000
225.204	474.000
226.204	491.000
227.205	506.000
228.205	505.000
229.205	532.000
230.205	519.000
231.205	547.000
232.205	547.000
233.206	493.000
234.206	507.000
235.206	515.000
236.206	516.000
237.206	504.000
238.206	469.000
239.207	456.000
240.207	466.000
241.207	428.000
242.207	362.000
243.207	365.000
244.207	330.000
245.208	332.000
246.208	291.000
247.208	304.000
248.208	269.000
249.208	203.000
250.208	233.000
251.209	186.000
252.209	176.000
253.209	158.000
254.209	139.000
255.209	119.000
256.209	119.000
257.210	100.000
258.210	95.000
259.210	90.000
260.210	100.000
261.210	80.000
262.210	74.000
263.211	83.000
264.211	59.000
265.211	58.000
266.211	61.000
267.211	66.000
268.211	62.000
269.212	42.000
270.212	43.000
271.212	52.000
272.212	52.000
273.212	52.000
274.212	39.000
275.213	33.000
276.213	41.000
277.213	41.000
278.213	55.000
279.213	49.000
280.213	37.000
281.214	33.000
282.214	37.000
283.214	33.000
284.214	27.000
285.214	36.000
286.214	40.000
287.215	42.000
288.215	19.000
289.215	36.000
290.215	34.000
291.215	33.000
292.215	28.000
293.216	26.000
294.216	25.000
295.216	31.000
296.216	32.000
297.216	33.000
298.216	21.000
299.217	29.000
300.217	37.000
301.217	29.000
302.217	27.000
303.217	19.000
304.217	26.000
305.218	27.000
306.218	25.000
307.218	29.000
308.218	32.000
309.218	17.000
310.218	18.000
311.219	25.000
312.219	26.000
313.219	21.000
314.219	20.000
315.219	30.000
316.219	31.000
317.220	22.000
318.220	15.000
319.220	33.000
320.220	29.000
321.220	21.000
322.220	25.000
323.221	23.000
324.221	31.000
325.221	26.000
326.221	20.000
327.221	19.000
328.221	31.000
329.222	24.000
330.222	24.000
331.222	28.000
332.222	30.000
333.222	21.000
334.222	18.000
335.223	20.000
336.223	25.000
337.223	17.000
338.223	26.000
339.223	18.000
340.223	18.000
341.224	17.000
342.224	19.000
343.224	23.000
344.224	24.000
345.224	15.000
346.224	24.000
347.225	28.000
348.225	27.000
349.225	15.000
350.225	20.000
351.225	25.000
352.225	31.000
353.226	14.000
354.226	17.000
355.226	24.000
356.226	24.000
357.226	22.000
358.226	22.000
359.227	21.000
360.227	21.000
361.227	18.000
362.227	27.000
363.227	9.000
364.227	24.000
365.228	18.000
366.228	21.000
367.228	22.000
368.228	22.000
369.228	32.000
370.228	22.000
371.229	24.000
372.229	22.000
373.229	23.000
374.229	25.000
375.229	27.000
376.229	21.000
377.230	22.000
378.230	20.000
379.230	23.000
380.230	27.000
381.230	17.000
382.230	27.000
383.231	20.000
384.231	26.000
385.231	26.000
386.231	28.000
387.231	36.000
388.231	24.000
389.232	31.000
390.232	27.000
391.232	31.000
392.232	30.000
393.232	35.000
394.232	31.000
395.233	51.000
396.233	33.000
397.233	35.000
398.233	38.000
399.233	40.000
400.233	53.000
401.234	52.000
402.234	47.000
403.234	50.000
404.234	42.000
405.234	29.000
406.234	59.000
407.235	41.000
408.235	51.000
409.235	57.000
410.235	58.000
411.235	68.000
412.235	52.000
413.236	43.000
414.236	43.000
415.236	50.000
416.236	55.000
417.236	58.000
418.236	84.000
419.237	64.000
420.237	70.000
421.237	90.000
422.237	88.000
423.237	86.000
424.237	101.000
425.238	131.000
426.238	125.000
427.238	112.000
428.238	133.000
429.238	139.000
430.238	151.000
431.239	185.000
432.239	206.000
433.239	189.000
434.239	247.000
435.239	251.000
436.239	236.000
437.240	332.000
438.240	344.000
439.240	351.000
440.240	388.000
441.240	438.000
442.240	462.000
443.241	495.000
444.241	526.000
445.241	560.000
446.241	643.000
447.241	607.000
448.241	692.000
449.242	720.000
450.242	760.000
451.242	782.000
452.242	779.000
453.242	790.000
454.242	839.000
455.243	919.000
456.243	874.000
457.243	883.000
458.243	864.000
459.243	865.000
460.243	869.000
461.244	877.000
462.244	833.000
463.244	857.000
464.244	818.000
465.244	809.000
466.244	780.000
467.245	744.000
468.245	734.000
469.245	674.000
470.245	649.000
471.245	605.000
472.245	620.000
473.246	539.000
474.246	514.000
475.246	522.000
476.246	458.000
477.246	411.000
478.246	386.000
479.247	339.000
480.247	323.000
481.247	309.000
482.247	290.000
483.247	249.000
484.247	234.000
485.248	232.000
486.248	194.000
487.248	209.000
488.248	191.000
489.248	166.000
490.248	154.000
491.249	165.000
492.249	136.000
493.249	153.000
494.249	139.000
495.249	126.000
496.249	93.000
497.250	137.000
498.250	138.000
499.250	106.000
500.250	88.000
501.250	105.000
502.250	105.000
503.251	86.000
504.251	101.000
505.251	99.000
506.251	90.000
507.251	94.000
508.251	91.000
509.252	90.000
510.252	83.000
511.252	92.000
512.252	93.000
513.252	76.000
514.252	76.000
515.253	88.000
516.253	84.000
517.253	83.000
518.253	90.000
519.253	69.000
520.253	80.000
521.254	65.000
522.254	78.000
523.254	81.000
524.254	65.000
525.254	70.000
526.254	68.000
527.255	66.000
528.255	86.000
529.255	71.000
530.255	79.000
531.255	68.000
532.255	76.000
533.256	45.000
534.256	62.000
535.256	60.000
536.256	83.000
537.256	60.000
538.256	64.000
539.257	49.000
540.257	48.000
541.257	64.000
542.257	67.000
543.257	70.000
544.257	76.000
545.258	57.000
546.258	61.000
547.258	56.000
548.258	52.000
549.258	70.000
550.258	62.000
551.259	71.000
552.259	59.000
553.259	56.000
554.259	72.000
555.259	61.000
556.259	64.000
557.260	54.000
558.260	65.000
559.260	67.000
560.260	48.000
561.260	41.000
562.260	48.000
563.261	61.000
564.261	53.000
565.261	46.000
566.261	54.000
567.261	49.000
568.261	43.000
569.262	56.000
570.262	45.000
571.262	53.000
572.262	54.000
573.262	52.000
574.262	47.000
575.263	52.000
576.263	61.000
577.263	54.000
578.263	56.000
579.263	51.000
580.263	44.000
581.264	60.000
582.264	46.000
583.264	51.000
584.264	51.000
585.264	51.000
586.264	33.000
587.265	53.000
588.265	46.000
589.265	57.000
590.265	46.000
591.265	58.000
592.265	56.000
593.266	41.000
594.266	52.000
595.266	52.000
596.266	50.000
597.266	49.000
598.266	52.000
599.267	56.000
600.267	53.000
601.267	51.000
602.267	48.000
603.267	42.000
604.267	49.000
605.268	53.000
606.268	36.000
607.268	65.000
608.268	49.000
609.268	57.000
610.268	44.000
611.269	44.000
612.269	45.000
613.269	49.000
614.269	41.000
615.269	55.000
616.269	58.000
617.270	68.000
618.270	44.000
619.270	70.000
620.270	57.000
621.270	62.000
622.270	56.000
623.271	58.000
624.271	63.000
625.271	60.000
626.271	57.000
627.271	75.000
628.271	57.000
629.272	66.000
630.272	61.000
631.272	67.000
632.272	56.000
633.272	86.000
634.272	71.000
635.273	77.000
636.273	71.000
637.273	72.000
638.273	67.000
639.273	69.000
640.273	82.000
641.274	85.000
642.274	86.000
643.274	105.000
644.274	131.000
645.274	107.000
646.274	135.000
647.275	122.000
648.275	147.000
649.275	159.000
650.275	156.000
651.275	163.000
652.275	176.000
653.276	198.000
654.276	226.000
655.276	259.000
656.276	240.000
657.276	299.000
658.276	301.000
659.277	332.000
660.277	341.000
661.277	376.000
662.277	419.000
663.277	453.000
664.277	451.000
665.278	472.000
666.278	501.000
667.278	604.000
668.278	605.000
669.278	609.000
670.278	648.000
671.279	734.000
672.279	738.000
673.279	733.000
674.279	780.000
675.279	838.000
676.279	862.000
677.280	907.000
678.280	866.000
679.280	878.000
680.280	964.000
681.280	959.000
682.280	964.000
683.281	943.000
684.281	935.000
685.281	916.000
686.281	949.000
687.281	929.000
688.281	1011.000
689.282	926.000
690.282	833.000
691.282	913.000
692.282	849.000
693.282	916.000
694.282	823.000
695.283	794.000
696.283	772.000
697.283	731.000
698.283	687.000
699.283	676.000
700.283	653.000
701.284	623.000
702.284	587.000
703.284	566.000
704.284	517.000
705.284	466.000
706.284	451.000
707.285	453.000
708.285	389.000
709.285	414.000
710.285	341.000
711.285	334.000
712.285	290.000
713.286	317.000
714.286	286.000
715.286	282.000
716.286	252.000
717.286	226.000
718.286	233.000
719.287	216.000
720.287	211.000
721.287	207.000
722.287	192.000
723.287	199.000
724.287	170.000
725.288	151.000
726.288	155.000
727.288	145.000
728.288	165.000
729.288	165.000
730.288	156.000
731.289	154.000
732.289	147.000
733.289	131.000
734.289	132.000
735.289	156.000
736.289	145.000
737.290	137.000
738.290	115.000
739.290	152.000
740.290	143.000
741.290	119.000
742.290	127.000
743.291	148.000
744.291	110.000
745.291	139.000
746.291	121.000
747.291	114.000
748.291	132.000
749.292	125.000
750.292	118.000
751.292	118.000
752.292	112.000
753.292	124.000
754.292	131.000
755.293	109.000
756.293	124.000
757.293	103.000
758.293	102.000
759.293	127.000
760.293	105.000
761.294	102.000
762.294	110.000
763.294	104.000
764.294	101.000
765.294	115.000
766.294	92.000
767.295	104.000
768.295	98.000
769.295	96.000
770.295	91.000
771.295	105.000
772.295	97.000
773.296	104.000
774.296	102.000
775.296	103.000
776.296	81.000
777.296	96.000
778.296	109.000
779.297	88.000
780.297	86.000
781.297	88.000
782.297	88.000
783.297	80.000
784.297	95.000
785.298	99.000
786.298	93.000
787.298	98.000
788.298	83.000
789.298	88.000
790.298	71.000
791.299	100.000
792.299	76.000
793.299	89.000
794.299	85.000
795.299	96.000
796.299	79.000
797.300	81.000
798.300	78.000
799.300	87.000
800.300	84.000
801.300	85.000
802.300	95.000
803.301	79.000
804.301	76.000
805.301	78.000
806.301	75.000
807.301	63.000
808.301	77.000
809.302	79.000
810.302	78.000
811.302	83.000
812.302	67.000
813.302	95.000
814.302	66.000
815.303	78.000
816.303	86.000
817.303	79.000
818.303	73.000
819.303	73.000
820.303	82.000
821.304	72.000
822.304	82.000
823.304	68.000
824.304	58.000
825.304	68.000
826.304	65.000
827.305	69.000
828.305	73.000
829.305	78.000
830.305	76.000
831.305	65.000
832.305	60.000
833.306	84.000
834.306	68.000
835.306	74.000
836.306	82.000
837.306	77.000
838.306	72.000
839.307	63.000
840.307	69.000
841.307	59.000
842.307	77.000
843.307	58.000
844.307	71.000
845.308	56.000
846.308	93.000
847.308	67.000
848.308	70.000
849.308	77.000
850.308	67.000
851.309	69.000
852.309	71.000
853.309	74.000
854.309	73.000
855.309	71.000
856.309	88.000
857.310	92.000
858.310	87.000
859.310	90.000
860.310	101.000
861.310	94.000
862.310	92.000
863.311	121.000
864.311	111.000
865.311	100.000
866.311	126.000
867.311	123.000
868.311	125.000
869.312	148.000
870.312	148.000
871.312	147.000
872.312	173.000
873.312	189.000
874.312	175.000
875.313	203.000
876.313	203.000
877.313	229.000
878.313	213.000
879.313	274.000
880.313	276.000
881.314	296.000
882.314	304.000
883.314	335.000
884.314	349.000
885.314	381.000
886.314	373.000
887.315	404.000
888.315	461.000
889.315	457.000
890.315	508.000
891.315	460.000
892.315	514.000
893.316	545.000
894.316	586.000
895.316	601.000
896.316	626.000
897.316	627.000
898.316	710.000
899.317	706.000
900.317	745.000
901.317	765.000
902.317	761.000
903.317	782.000
904.317	742.000
905.318	855.000
906.318	783.000
907.318	761.000
908.318	834.000
909.318	846.000
910.318	859.000
911.319	806.000
912.319	845.000
913.319	826.000
914.319	839.000
915.319	844.000
916.319	806.000
917.320	759.000
918.320	732.000
919.320	755.000
920.320	758.000
921.320	723.000
922.320	706.000
923.321	714.000
924.321	656.000
925.321	676.000
926.321	672.000
927.321	600.000
928.321	607.000
929.322	567.000
930.322	560.000
931.322	539.000
932.322	479.000
933.322	490.000
934.322	456.000
935.323	333.000
936.323	430.000
937.323	364.000
938.323	340.000
939.323	344.000
940.323	306.000
941.324	295.000
942.324	305.000
943.324	261.000
944.324	276.000
945.324	263.000
946.324	224.000
947.325	229.000
948.325	231.000
949.325	222.000
950.325	197.000
951.325	178.000
952.325	222.000
953.326	175.000
954.326	203.000
955.326	192.000
956.326	180.000
957.326	171.000
958.326	164.000
959.327	169.000
960.327	186.000
961.327	158.000
962.327	178.000
963.327	140.000
964.327	131.000
965.328	165.000
966.328	147.000
967.328	160.000
968.328	138.000
969.328	144.000
970.328	144.000
971.329	138.000
972.329	145.000
973.329	144.000
974.329	155.000
975.329	155.000
976.329	147.000
977.330	130.000
978.330	129.000
979.330	121.000
980.330	138.000
981.330	123.000
982.330	148.000
983.331	130.000
984.331	137.000
985.331	140.000
986.331	142.000
987.331	122.000
988.331	128.000
989.332	143.000
990.332	110.000
991.332	138.000
992.332	109.000
993.332	117.000
994.332	134.000
995.333	122.000
996.333	127.000
997.333	104.000
998.333	127.000
999.333	110.000
1000.333	110.000
1001.334	127.000
1002.334	109.000
1003.334	112.000
1004.334	95.000
1005.334	122.000
1006.334	112.000
1007.335	108.000
1008.335	118.000
1009.335	112.000
1010.335	116.000
1011.335	119.000
1012.335	101.000
1013.336	91.000
1014.336	104.000
1015.336	118.000
1016.336	111.000
1017.336	113.000
1018.336	110.000
1019.337	110.000
1020.337	117.000
1021.337	90.000
1022.337	101.000
1023.337	122.000
1024.337	98.000
1025.338	84.000
1026.338	107.000
1027.338	84.000
1028.338	82.000
1029.338	100.000
1030.338	97.000
1031.339	92.000
1032.339	91.000
1033.339	94.000
1034.339	87.000
1035.339	98.000
1036.339	90.000
1037.340	91.000
1038.340	85.000
1039.340	90.000
1040.340	81.000
1041.340	104.000
1042.340	103.000
1043.341	89.000
1044.341	71.000
1045.341	94.000
1046.341	79.000
1047.341	91.000
1048.341	85.000
1049.342	87.000
1050.342	92.000
1051.342	85.000
1052.342	90.000
1053.342	75.000
1054.342	87.000
1055.343	86.000
1056.343	65.000
1057.343	74.000
1058.343	95.000
1059.343	82.000
1060.343	80.000
1061.344	89.000
1062.344	79.000
1063.344	67.000
1064.344	69.000
1065.344	75.000
1066.344	79.000
1067.345	78.000
1068.345	79.000
1069.345	80.000
1070.345	89.000
1071.345	77.000
1072.345	94.000
1073.346	78.000
1074.346	72.000
1075.346	99.000
1076.346	93.000
1077.346	66.000
1078.346	93.000
1079.347	83.000
1080.347	90.000
1081.347	95.000
1082.347	93.000
1083.347	86.000
1084.347	81.000
1085.348	116.000
1086.348	100.000
1087.348	105.000
1088.348	105.000
1089.348	124.000
1090.348	117.000
1091.349	99.000
1092.349	130.000
1093.349	111.000
1094.349	149.000
1095.349	135.000
1096.349	173.000
1097.350	168.000
1098.350	171.000
1099.350	162.000
1100.350	203.000
1101.350	190.000
1102.350	203.000
1103.351	193.000
1104.351	218.000
1105.351	262.000
1106.351	239.000
1107.351	234.000
1108.351	284.000
1109.352	307.000
1110.352	327.000
1111.352	319.000
1112.352	332.000
1113.352	357.000
1114.352	379.000
1115.353	409.000
1116.353	430.000
1117.353	408.000
1118.353	448.000
1119.353	470.000
1120.353	462.000
1121.354	474.000
1122.354	476.000
1123.354	492.000
1124.354	518.000
1125.354	540.000
1126.354	520.000
1127.355	540.000
1128.355	539.000
1129.355	538.000
1130.355	581.000
1131.355	543.000
1132.355	582.000
1133.356	615.000
1134.356	632.000
1135.356	587.000
1136.356	601.000
1137.356	599.000
1138.356	624.000
1139.357	618.000
1140.357	600.000
1141.357	639.000
1142.357	589.000
1143.357	533.000
1144.357	559.000
1145.358	648.000
1146.358	566.000
1147.358	513.000
1148.358	548.000
1149.358	489.000
1150.358	494.000
1151.359	502.000
1152.359	481.000
1153.359	447.000
1154.359	453.000
1155.359	461.000
1156.359	451.000
1157.360	422.000
1158.360	359.000
1159.360	328.000
1160.360	360.000
1161.360	389.000
1162.360	333.000
1163.361	314.000
1164.361	304.000
1165.361	306.000
1166.361	264.000
1167.361	295.000
1168.361	282.000
1169.362	251.000
1170.362	254.000
1171.362	219.000
1172.362	222.000
1173.362	207.000
1174.362	194.000
1175.363	212.000
1176.363	192.000
1177.363	189.000
1178.363	188.000
1179.363	186.000
1180.363	163.000
1181.364	160.000
1182.364	168.000
1183.364	149.000
1184.364	150.000
1185.364	159.000
1186.364	148.000
1187.365	143.000
1188.365	171.000
1189.365	158.000
1190.365	140.000
1191.365	153.000
1192.365	135.000
1193.366	136.000
1194.366	127.000
1195.366	125.000
1196.366	142.000
1197.366	122.000
1198.366	122.000
1199.367	135.000
1200.367	133.000
1201.367	148.000
1202.367	107.000
1203.367	116.000
1204.367	111.000
1205.368	145.000
1206.368	104.000
1207.368	117.000
1208.368	119.000
1209.368	131.000
1210.368	120.000
1211.369	117.000
1212.369	114.000
1213.369	133.000
1214.369	97.000
1215.369	105.000
1216.369	135.000
1217.370	101.000
1218.370	107.000
1219.370	130.000
1220.370	128.000
1221.370	119.000
1222.370	104.000
1223.371	94.000
1224.371	136.000
1225.371	110.000
1226.371	116.000
1227.371	111.000
1228.371	116.000
1229.372	102.000
1230.372	93.000
1231.372	115.000
1232.372	97.000
1233.372	102.000
1234.372	99.000
1235.373	107.000
1236.373	99.000
1237.373	111.000
1238.373	96.000
1239.373	108.000
1240.373	94.000
1241.374	107.000
1242.374	101.000
1243.374	83.000
1244.374	104.000
1245.374	90.000
1246.374	119.000
1247.375	100.000
1248.375	90.000
1249.375	88.000
1250.375	93.000
1251.375	80.000
1252.375	113.000
1253.376	90.000
1254.376	74.000
1255.376	90.000
1256.376	79.000
1257.376	95.000
1258.376	108.000
1259.377	66.000
1260.377	93.000
1261.377	97.000
1262.377	81.000
1263.377	81.000
1264.377	88.000
1265.378	80.000
1266.378	77.000
1267.378	92.000
1268.378	84.000
1269.378	71.000
1270.378	85.000
1271.379	79.000
1272.379	87.000
1273.379	76.000
1274.379	90.000
1275.379	78.000
1276.379	84.000
1277.380	60.000
1278.380	75.000
1279.380	74.000
1280.380	74.000
1281.380	58.000
1282.380	87.000
1283.381	83.000
1284.381	91.000
1285.381	74.000
1286.381	52.000
1287.381	69.000
1288.381	78.000
1289.382	74.000
1290.382	76.000
1291.382	67.000
1292.382	88.000
1293.382	84.000
1294.382	72.000
1295.383	83.000
1296.383	79.000
1297.383	58.000
1298.383	79.000
1299.383	64.000
1300.383	76.000
1301.384	72.000
1302.384	66.000
1303.384	84.000
1304.384	85.000
1305.384	72.000
1306.384	99.000
1307.385	90.000
1308.385	75.000
1309.385	78.000
1310.385	99.000
1311.385	98.000
1312.385	83.000
1313.386	105.000
1314.386	106.000
1315.386	101.000
1316.386	123.000
1317.386	110.000
1318.386	109.000
1319.387	109.000
1320.387	124.000
1321.387	143.000
1322.387	130.000
1323.387	129.000
1324.387	126.000
1325.388	181.000
1326.388	155.000
1327.388	155.000
1328.388	165.000
1329.388	186.000
1330.388	180.000
1331.389	191.000
1332.389	204.000
1333.389	212.000
1334.389	194.000
1335.389	237.000
1336.389	216.000
1337.390	256.000
1338.390	226.000
1339.390	256.000
1340.390	249.000
1341.390	268.000
1342.390	265.000
1343.391	280.000
1344.391	284.000
1345.391	315.000
1346.391	286.000
1347.391	317.000
1348.391	308.000
1349.392	324.000
1350.392	319.000
1351.392	369.000
1352.392	334.000
1353.392	359.000
1354.392	350.000
1355.393	336.000
1356.393	343.000
1357.393	373.000
1358.393	363.000
1359.393	372.000
1360.393	389.000
1361.394	353.000
1362.394	356.000
1363.394	399.000
1364.394	368.000
1365.394	360.000
1366.394	369.000
1367.395	370.000
1368.395	350.000
1369.395	335.000
1370.395	343.000
1371.395	394.000
1372.395	338.000
1373.396	344.000
1374.396	321.000
1375.396	332.000
1376.396	341.000
1377.396	308.000
1378.396	322.000
1379.397	327.000
1380.397	308.000
1381.397	279.000
1382.397	284.000
1383.397	283.000
1384.397	289.000
1385.398	247.000
1386.398	271.000
1387.398	266.000
1388.398	230.000
1389.398	226.000
1390.398	219.000
1391.399	212.000
1392.399	220.000
1393.399	203.000
1394.399	184.000
1395.399	185.000
1396.399	201.000
1397.400	136.000
1398.400	169.000
1399.400	161.000
1400.400	147.000
1401.400	166.000
1402.400	185.000
1403.401	156.000
1404.401	147.000
1405.401	126.000
1406.401	124.000
1407.401	110.000
1408.401	124.000
1409.402	130.000
1410.402	130.000
1411.402	109.000
1412.402	116.000
1413.402	129.000
1414.402	111.000
1415.403	132.000
1416.403	100.000
1417.403	119.000
1418.403	111.000
1419.403	97.000
1420.403	84.000
1421.404	124.000
1422.404	114.000
1423.404	110.000
1424.404	114.000
1425.404	109.000
1426.404	84.000
1427.405	114.000
1428.405	86.000
1429.405	95.000
1430.405	87.000
1431.405	96.000
1432.405	100.000
1433.406	107.000
1434.406	116.000
1435.406	94.000
1436.406	93.000
1437.406	92.000
1438.406	104.000
1439.407	91.000
1440.407	102.000
1441.407	89.000
1442.407	102.000
1443.407	99.000
1444.407	79.000
1445.408	72.000
1446.408	97.000
1447.408	80.000
1448.408	93.000
1449.408	72.000
1450.408	84.000
1451.409	75.000
1452.409	92.000
1453.409	83.000
1454.409	96.000
1455.409	81.000
1456.409	85.000
1457.410	109.000
1458.410	104.000
1459.410	75.000
1460.410	85.000
1461.410	73.000
1462.410	63.000
1463.411	93.000
1464.411	89.000
1465.411	88.000
1466.411	83.000
1467.411	61.000
1468.411	71.000
1469.412	65.000
1470.412	83.000
1471.412	74.000
1472.412	72.000
1473.412	92.000
1474.412	77.000
1475.413	75.000
1476.413	72.000
1477.413	84.000
1478.413	67.000
1479.413	69.000
1480.413	66.000
1481.414	72.000
1482.414	59.000
1483.414	70.000
1484.414	65.000
1485.414	69.000
1486.414	74.000
1487.415	67.000
1488.415	60.000
1489.415	75.000
1490.415	67.000
1491.415	67.000
1492.415	62.000
1493.416	54.000
1494.416	60.000
1495.416	48.000
1496.416	43.000
1497.416	59.000
1498.416	76.000
1499.417	69.000
1500.417	69.000
1501.417	51.000
1502.417	63.000
1503.417	64.000
1504.417	64.000
1505.418	60.000
1506.418	56.000
1507.418	61.000
1508.418	85.000
1509.418	53.000
1510.418	61.000
1511.419	68.000
1512.419	53.000
1513.419	60.000
1514.419	68.000
1515.419	49.000
1516.419	51.000
1517.420	48.000
1518.420	72.000
1519.420	63.000
1520.420	59.000
1521.420	53.000
1522.420	49.000
1523.421	57.000
1524.421	45.000
1525.421	62.000
1526.421	69.000
1527.421	60.000
1528.421	56.000
1529.422	52.000
1530.422	55.000
1531.422	62.000
1532.422	62.000
1533.422	46.000
1534.422	62.000
1535.423	75.000
1536.423	75.000
1537.423	58.000
1538.423	71.000
1539.423	67.000
1540.423	59.000
1541.424	85.000
1542.424	93.000
1543.424	84.000
1544.424	80.000
1545.424	85.000
1546.424	112.000
1547.425	97.000
1548.425	99.000
1549.425	102.000
1550.425	124.000
1551.425	118.000
1552.425	126.000
1553.426	106.000
1554.426	127.000
1555.426	139.000
1556.426	135.000
1557.426	112.000
1558.426	139.000
1559.427	149.000
1560.427	142.000
1561.427	147.000
1562.427	144.000
1563.427	167.000
1564.427	146.000
1565.428	163.000
1566.428	174.000
1567.428	157.000
1568.428	166.000
1569.428	179.000
1570.428	178.000
1571.429	180.000
1572.429	176.000
1573.429	163.000
1574.429	173.000
1575.429	193.000
1576.429	196.000
1577.430	193.000
1578.430	188.000
1579.430	218.000
1580.430	195.000
1581.430	197.000
1582.430	204.000
1583.431	218.000
1584.431	207.000
1585.431	208.000
1586.431	185.000
1587.431	194.000
1588.431	224.000
1589.432	221.000
1590.432	215.000
1591.432	203.000
1592.432	169.000
1593.432	219.000
1594.432	192.000
1595.433	191.000
1596.433	201.000
1597.433	197.000
1598.433	182.000
1599.433	205.000
1600.433	194.000
1601.434	177.000
1602.434	205.000
1603.434	192.000
1604.434	171.000
1605.434	182.000
1606.434	153.000
1607.435	158.000
1608.435	178.000
1609.435	166.000
1610.435	162.000
1611.435	164.000
1612.435	136.000
1613.436	155.000
1614.436	156.000
1615.436	135.000
1616.436	114.000
1617.436	134.000
1618.436	137.000
1619.437	151.000
1620.437	137.000
1621.437	135.000
1622.437	108.000
1623.437	107.000
1624.437	125.000
1625.438	123.000
1626.438	107.000
1627.438	102.000
1628.438	110.000
1629.438	105.000
1630.438	107.000
1631.439	103.000
1632.439	96.000
1633.439	68.000
1634.439	100.000
1635.439	99.000
1636.439	80.000
1637.440	98.000
1638.440	92.000
1639.440	86.000
1640.440	86.000
1641.440	72.000
1642.440	74.000
1643.441	64.000
1644.441	82.000
1645.441	66.000
1646.441	78.000
1647.441	70.000
1648.441	65.000
1649.442	62.000
1650.442	61.000
1651.442	68.000
1652.442	71.000
1653.442	58.000
1654.442	68.000
1655.443	69.000
1656.443	62.000
1657.443	63.000
1658.443	60.000
1659.443	73.000
1660.443	89.000
1661.444	73.000
1662.444	83.000
1663.444	73.000
1664.444	49.000
1665.444	64.000
1666.444	53.000
1667.445	64.000
1668.445	62.000
1669.445	58.000
1670.445	53.000
1671.445	58.000
1672.445	69.000
1673.446	80.000
1674.446	63.000
1675.446	60.000
1676.446	49.000
1677.446	46.000
1678.446	56.000
1679.447	52.000
1680.447	47.000
1681.447	68.000
1682.447	47.000
1683.447	55.000
1684.447	51.000
1685.448	48.000
1686.448	63.000
1687.448	54.000
1688.448	54.000
1689.448	46.000
1690.448	54.000
1691.449	57.000
1692.449	49.000
1693.449	52.000
1694.449	51.000
1695.449	61.000
1696.449	43.000
1697.450	32.000
1698.450	52.000
1699.450	45.000
1700.450	48.000
1701.450	60.000
1702.450	48.000
1703.451	50.000
1704.451	47.000
1705.451	47.000
1706.451	41.000
1707.451	46.000
1708.451	46.000
1709.452	48.000
1710.452	41.000
1711.452	51.000
1712.452	43.000
1713.452	45.000
1714.452	56.000
1715.453	43.000
1716.453	40.000
1717.453	59.000
1718.453	48.000
1719.453	51.000
1720.453	28.000
1721.454	51.000
1722.454	38.000
1723.454	44.000
1724.454	47.000
1725.454	48.000
1726.454	37.000
1727.455	64.000
1728.455	44.000
1729.455	47.000
1730.455	31.000
1731.455	38.000
1732.455	39.000
1733.456	30.000
1734.456	33.000
1735.456	49.000
1736.456	39.000
1737.456	45.000
1738.456	41.000
1739.457	34.000
1740.457	31.000
1741.457	44.000
1742.457	46.000
1743.457	39.000
1744.457	40.000
1745.458	41.000
1746.458	48.000
1747.458	43.000
1748.458	44.000
1749.458	45.000
1750.458	41.000
1751.459	39.000
1752.459	39.000
1753.459	47.000
1754.459	28.000
1755.459	35.000
1756.459	45.000
1757.460	55.000
1758.460	41.000
1759.460	36.000
1760.460	49.000
1761.460	48.000
1762.460	37.000
1763.461	42.000
1764.461	51.000
1765.461	41.000
1766.461	54.000
1767.461	62.000
1768.461	34.000
1769.462	48.000
1770.462	51.000
1771.462	68.000
1772.462	75.000
1773.462	69.000
1774.462	70.000
1775.463	64.000
1776.463	60.000
1777.463	74.000
1778.463	64.000
1779.463	61.000
1780.463	72.000
1781.464	80.000
1782.464	69.000
1783.464	95.000
1784.464	64.000
1785.464	68.000
1786.464	76.000
1787.465	81.000
1788.465	84.000
1789.465	92.000
1790.465	93.000
1791.465	90.000
1792.465	84.000
1793.466	90.000
1794.466	90.000
1795.466	90.000
1796.466	95.000
1797.466	87.000
1798.466	103.000
1799.467	97.000
1800.467	92.000
1801.467	112.000
1802.467	100.000
1803.467	105.000
1804.467	89.000
1805.468	114.000
1806.468	109.000
1807.468	98.000
1808.468	111.000
1809.468	101.000
1810.468	107.000
1811.469	109.000
1812.469	87.000
1813.469	73.000
1814.469	113.000
1815.469	100.000
1816.469	99.000
1817.470	77.000
1818.470	100.000
1819.470	84.000
1820.470	101.000
1821.470	116.000
1822.470	96.000
1823.471	84.000
1824.471	95.000
1825.471	110.000
1826.471	82.000
1827.471	98.000
1828.471	123.000
1829.472	95.000
1830.472	93.000
1831.472	90.000
1832.472	86.000
1833.472	87.000
1834.472	86.000
1835.473	98.000
1836.473	93.000
1837.473	89.000
1838.473	86.000
1839.473	78.000
1840.473	74.000
1841.474	68.000
1842.474	77.000
1843.474	52.000
1844.474	73.000
1845.474	61.000
1846.474	63.000
1847.475	71.000
1848.475	51.000
1849.475	69.000
1850.475	58.000
1851.475	57.000
1852.475	46.000
1853.476	71.000
1854.476	50.000
1855.476	53.000
1856.476	55.000
1857.476	47.000
1858.476	52.000
1859.477	57.000
1860.477	45.000
1861.477	57.000
1862.477	57.000
1863.477	53.000
1864.477	51.000
1865.478	46.000
1866.478	50.000
1867.478	38.000
1868.478	55.000
1869.478	46.000
1870.478	43.000
1871.479	47.000
1872.479	45.000
1873.479	38.000
1874.479	46.000
1875.479	46.000
1876.479	51.000
1877.480	35.000
1878.480	42.000
1879.480	42.000
1880.480	38.000
1881.480	38.000
1882.480	45.000
1883.481	35.000
1884.481	41.000
1885.481	40.000
1886.481	34.000
1887.481	35.000
1888.481	40.000
1889.482	45.000
1890.482	33.000
1891.482	36.000
1892.482	38.000
1893.482	34.000
1894.482	42.000
1895.483	42.000
1896.483	38.000
1897.483	26.000
1898.483	46.000
1899.483	39.000
1900.483	41.000
1901.484	31.000
1902.484	33.000
1903.484	28.000
1904.484	33.000
1905.484	38.000
1906.484	47.000
1907.485	28.000
1908.485	38.000
1909.485	34.000
1910.485	32.000
1911.485	35.000
1912.485	28.000
1913.486	28.000
1914.486	32.000
1915.486	32.000
1916.486	29.000
1917.486	25.000
1918.486	39.000
1919.487	47.000
1920.487	31.000
1921.487	28.000
1922.487	29.000
1923.487	42.000
1924.487	25.000
1925.488	26.000
1926.488	27.000
1927.488	24.000
1928.488	37.000
1929.488	30.000
1930.488	26.000
1931.489	31.000
1932.489	29.000
1933.489	29.000
1934.489	27.000
1935.489	24.000
1936.489	32.000
1937.490	25.000
1938.490	26.000
1939.490	25.000
1940.490	27.000
1941.490	30.000
1942.490	26.000
1943.491	38.000
1944.491	38.000
1945.491	19.000
1946.491	27.000
1947.491	30.000
1948.491	14.000
1949.492	37.000
1950.492	32.000
1951.492	36.000
1952.492	28.000
1953.492	32.000
1954.492	30.000
1955.493	21.000
1956.493	22.000
1957.493	28.000
1958.493	22.000
1959.493	20.000
1960.493	18.000
1961.494	31.000
1962.494	19.000
1963.494	29.000
1964.494	27.000
1965.494	20.000
1966.494	18.000
1967.495	24.000
1968.495	32.000
1969.495	24.000
1970.495	23.000
1971.495	26.000
1972.495	32.000
1973.496	26.000
1974.496	28.000
1975.496	27.000
1976.496	26.000
1977.496	28.000
1978.496	26.000
1979.497	25.000
1980.497	26.000
1981.497	22.000
1982.497	29.000
1983.497	39.000
1984.497	27.000
1985.498	14.000
1986.498	32.000
1987.498	20.000
1988.498	35.000
1989.498	30.000
1990.498	30.000
1991.499	28.000
1992.499	35.000
1993.499	32.000
1994.499	20.000
1995.499	34.000
1996.499	33.000
1997.500	33.000
1998.500	37.000
1999.500	40.000
